36 
14 
99 
17 
41 
76 
73 
33 
97 
6 
22 
65 
2 
6 
68 
51 
45 
16 
1 
21 
69 
97 
67 
10 
2 
25 
45 
15 
58 
100 
27 
32 
63 
5 
61 
40 
31 
48 
44 
86 
72 
6 
41 
68 
72 
18 
90 
45 
60 
15 
42 
70 
39 
43 
85 
96 
81 
34 
100 
50 
37 
100 
98 
80 
52 
91 
27 
30 
59 
8 
39 
31 
3 
19 
91 
48 
14 
80 
59 
14 
9 
57 
68 
51 
68 
18 
24 
83 
73 
48 
18 
97 
57 
9 
48 
71 
11 
39 
57 
44 
88 
46 
86 
1 
4 
96 
81 
84 
67 
13 
55 
15 
98 
9 
67 
13 
91 
74 
4 
90 
66 
28 
50 
14 
86 
23 
88 
94 
28 
83 
37 
5 
5 
95 
1 
21 
51 
56 
6 
91 
22 
4 
25 
28 
15 
38 
86 
37 
45 
41 
51 
58 
30 
29 
56 
19 
3 
68 
36 
67 
36 
29 
6 
76 
94 
13 
50 
74 
42 
99 
58 
71 
19 
53 
4 
43 
55 
39 
62 
94 
50 
32 
76 
62 
3 
75 
72 
41 
6 
40 
32 
83 
58 
62 
95 
51 
71 
15 
81 
84 
